_viz_0 = nengo_gui.components.Value(stim)
_viz_config[_viz_0].synapse = 0.01
_viz_config[_viz_0].max_value = 1
_viz_config[_viz_0].min_value = -1
_viz_config[_viz_0].legend_labels = [u'label_0']
_viz_config[_viz_0].height = 0.30449913000248574
_viz_config[_viz_0].label_visible = True
_viz_config[_viz_0].width = 0.23538454148052074
_viz_config[_viz_0].show_legend = False
_viz_config[_viz_0].y = 0.92858802478155
_viz_config[_viz_0].x = 0.09106677123941868
_viz_1 = nengo_gui.components.Value(post)
_viz_config[_viz_1].synapse = 0.01
_viz_config[_viz_1].max_value = 1
_viz_config[_viz_1].min_value = -1
_viz_config[_viz_1].legend_labels = [u'label_0', u'label_1', u'label_2', u'label_3']
_viz_config[_viz_1].height = 0.3961396104744825
_viz_config[_viz_1].label_visible = True
_viz_config[_viz_1].width = 0.3356314328949522
_viz_config[_viz_1].show_legend = False
_viz_config[_viz_1].y = 0.9035165586340095
_viz_config[_viz_1].x = 1.0363829310613264
_viz_ace_editor = nengo_gui.components.AceEditor()
_viz_net_graph = nengo_gui.components.NetGraph()
_viz_sim_control = nengo_gui.components.SimControl()
_viz_config[_viz_sim_control].kept_time = 4.0
_viz_config[_viz_sim_control].shown_time = 0.5
_viz_config[model].pos=(0.3848909958427449, 0.2704599971691564)
_viz_config[model].size=(0.5510204081632653, 0.5510204081632653)
_viz_config[model].expanded=True
_viz_config[model].has_layout=True
_viz_config[post].pos=(0.6686746987951807, 0.32051282051282054)
_viz_config[post].size=(0.060240963855421686, 0.06410256410256411)
_viz_config[stim].pos=(0.0783132530120482, 0.32051282051282054)
_viz_config[stim].size=(0.048192771084337345, 0.05128205128205128)
_viz_config[subnet].pos=(0.3532947429670601, 0.32188097869578597)
_viz_config[subnet].size=(0.05561265874858315, 0.09857455330257195)
_viz_config[subnet].expanded=False
_viz_config[subnet].has_layout=True
_viz_config[subnet.input].pos=(0.10655737704918032, 0.8392857142857143)
_viz_config[subnet.input].size=(0.06557377049180327, 0.07142857142857142)
_viz_config[subnet.output].pos=(0.8934426229508197, 0.8392857142857143)
_viz_config[subnet.output].size=(0.06557377049180327, 0.07142857142857142)
_viz_config[subnet.x].pos=(0.49999999999999994, 0.4464285714285714)
_viz_config[subnet.x].size=(0.16393442622950818, 0.3571428571428571)
_viz_config[subnet.x].expanded=True
_viz_config[subnet.x].has_layout=True
_viz_config[subnet.x.ea_ensembles[0]].pos=(0.49999999999999994, 0.36363636363636365)
_viz_config[subnet.x.ea_ensembles[0]].size=(0.09803921568627451, 0.04545454545454545)
_viz_config[subnet.x.ea_ensembles[1]].pos=(0.49999999999999994, 0.6363636363636362)
_viz_config[subnet.x.ea_ensembles[1]].size=(0.09803921568627451, 0.04545454545454545)
_viz_config[subnet.x.ea_ensembles[2]].pos=(0.49999999999999994, 0.9090909090909091)
_viz_config[subnet.x.ea_ensembles[2]].size=(0.09803921568627451, 0.04545454545454545)
_viz_config[subnet.x.input].pos=(0.12745098039215685, 0.5)
_viz_config[subnet.x.input].size=(0.07843137254901959, 0.03636363636363636)
_viz_config[subnet.x.output].pos=(0.872549019607843, 0.5)
_viz_config[subnet.x.output].size=(0.07843137254901959, 0.03636363636363636)